-1.254599 4.507143 2.319939 0.795287
0.986585 -3.439814 -3.440055 0.516495
-4.419164 3.661761 1.011150 -0.549149
2.080726 -4.794155 4.699099 -3.445435
3.324426 -2.876609 -3.181750 4.386076
-3.165955 -1.957578 0.247564 -1.244777
-0.680550 -2.087709 1.118529 -3.027915
-3.605061 -2.078554 -1.336382 -5.392155
-0.439300 2.851760 -3.003262 1.275931
0.142344 0.924146 -4.535496 6.444834
1.075449 -3.294759 -4.349484 1.346798
4.488855 4.656320 3.083973 8.859425
-1.953862 -4.023279 1.842330 -8.603225
-0.598475 -3.779618 -0.048231 1.943214
-4.656115 4.093204 -2.412200 0.742282
1.625223 -1.882889 0.200680 1.329808
0.467103 -3.151455 4.695846 -4.955140
2.751328 4.394989 3.948274 3.588476
0.979000 4.218742 -4.115075 7.305162
-3.040171 -4.547727 -1.746697 -0.710074
-1.113227 -2.286510 3.287375 -3.657927
-1.432467 -2.190655 0.426961 -1.568759
-3.590758 3.021970 -4.254494 1.596598
4.868869 2.722448 -3.012843 9.526477
-4.944779 3.154614 2.068573 -3.406727
2.290072 2.712703 -4.259553 4.633729
-1.415343 -3.841309 3.631034 -7.937196
1.232981 -1.691020 -4.364416 6.365533
-1.890177 -1.748167 2.296062 -3.259379
1.375575 3.872127 -0.277851 4.165952
-3.804058 2.132448 2.607850 -3.787246
0.612772 2.709672 -0.062044 3.712407
0.227328 -0.724590 -4.745809 3.582161
-3.921086 -4.685708 1.364104 -7.911833
-1.856440 0.085707 4.075665 -3.682428
-2.507078 -0.896171 2.555511 -5.956318
-2.712018 -4.230201 -2.102485 -1.328625
-3.387787 4.296977 3.081204 -6.109429
1.334038 3.714606 3.036721 3.820275
-3.134299 3.925590 0.393422 0.458953
3.074402 3.960913 -1.819965 8.022890
-3.899481 -2.720648 -0.728922 -1.711285
3.180148 3.607306 -4.930479 13.259132
0.107473 -0.825890 -2.778922 4.946406
-3.801346 -1.623848 4.429097 -10.838297
-1.767971 0.187906 2.030190 -4.857323
-1.363704 4.717821 4.624473 -2.954009
-2.482177 -0.027515 -1.991217 0.149221
-2.151595 -4.631131 1.095643 -3.308357
0.026790 -4.485212 -2.213535 -0.896475
4.082659 -2.604381 -3.551051 6.994843
-0.105472 4.856505 -2.579447 3.875572
1.721355 2.616196 -2.623625 4.905318
2.282163 -1.322169 1.323058 -1.250690
1.335297 0.357747 -4.097102 3.945386
3.353025 -1.792199 -3.134815 3.261408
-4.592249 0.908929 1.775644 -6.510045
-4.834122 0.120931 -2.735042 0.521661
1.451728 -3.256336 1.909377 -2.602740
-1.132647 4.367300 -3.624791 10.215600
-1.589336 -3.865265 4.246936 -4.932882
3.773394 -2.420584 1.599840 2.652902
3.172222 0.552008 0.296506 2.494306
-2.581477 -4.068972 3.972158 -5.393070
4.004181 1.331015 -1.609702 5.806174
-1.507904 2.259557 3.971103 -2.310988
3.870864 2.798755 1.420316 10.254158
-4.158600 -3.383713 3.985542 -8.231010
1.064291 -4.908029 -3.985285 5.097050
1.635018 -4.949384 -3.391919 1.467508
0.487338 1.918952 1.519613 1.161147
-2.757307 2.121792 -2.627509 4.947198
-1.746003 2.464914 1.496329 -1.964543
3.492234 1.576129 0.683086 8.358727
-4.063252 -1.322842 -2.347976 -0.430788
-2.560104 4.730106 -1.069023 0.535234
3.920466 1.311386 2.948113 4.482484
0.026371 0.769039 -0.074823 3.415858
-3.047570 2.224521 -2.192276 2.062131
-4.756840 1.454723 -3.228893 -3.586814
4.404586 4.539286 4.148644 2.901039
-1.298413 -4.845434 4.283186 -6.642716
-0.718159 4.666548 4.636200 -1.242711
3.530095 -2.055511 -1.149023 5.662901
3.511367 -1.830780 -3.305073 6.595437
0.568013 4.361548 1.960298 -0.490141
0.700612 -4.028235 1.150072 -0.473168
4.900539 -3.599160 0.183297 5.175493
3.773731 2.407686 1.970157 5.521029
2.024841 -1.405088 -2.064082 6.135123
3.093612 3.101134 3.670723 4.375444
4.132406 0.113424 0.015163 6.095347
2.982952 1.499639 2.019669 2.976705
2.957927 3.900053 -1.620048 3.882070
-1.244170 -4.060181 0.782801 -2.041265
-4.640577 -0.344020 0.426446 -3.738369
-2.134587 0.908333 -4.694998 3.618734
-4.626518 3.226006 -1.398094 -3.448538
-3.729395 0.222433 2.699936 -6.940240
-2.841790 1.228905 -4.146525 4.196189
-4.483183 0.313546 0.406351 -3.730601
1.374299 2.260913 4.758521 1.060940
0.163003 -1.770435 2.951862 -2.027067
-2.291677 -0.610286 -4.215436 1.835041
-4.746493 4.626484 3.359801 -2.244524
1.959742 -0.910471 -3.267057 4.086063
-3.435630 -2.497571 0.492267 -3.885987
2.145959 1.601974 -2.200661 4.782924
4.548653 2.378969 0.543541 5.434313
1.117207 -0.803999 -2.522690 3.115016
-1.440273 2.578461 -4.856065 5.178077
-3.839274 -4.539974 -4.592712 -2.392588
3.554606 2.036579 -0.258262 8.291017
-4.021658 -0.083841 -0.265282 -4.640568
-3.267981 -0.661484 -1.014953 -2.160504
1.158501 1.350937 -4.546960 5.592075
-1.253874 1.258599 0.031363 3.244291
3.564898 1.586936 -3.370656 8.448001
-4.294313 1.424193 -4.734887 3.269382
0.857756 4.402302 0.754742 0.483993
-1.118301 1.432882 -0.417471 1.466218
0.456168 4.414648 -1.138974 6.353932
4.611906 4.053506 -3.042089 10.236898
-4.306387 -3.992220 -4.817782 0.682689
-4.055570 1.830068 -4.288114 0.255377
-1.810244 3.448753 -4.767281 7.546652
3.144685 -2.181452 -3.818352 10.706436
1.967372 1.289428 3.774720 -0.133367
2.350710 3.034809 -2.179654 5.720833
-3.225605 2.506148 3.068347 -0.520440
4.905051 -0.873823 -1.279819 9.651139
2.764130 -1.591965 4.307573 -1.523631
3.584128 -0.710060 2.508711 1.381755
2.545429 -3.968761 4.025529 -2.222944
0.052524 3.264575 -1.799504 1.435513
3.955232 -1.107983 -4.891623 6.477236
4.053820 -4.087133 -1.806864 2.447463
4.500620 4.506071 0.734379 5.630557
1.318372 -0.515545 -2.067892 3.645544
-1.713355 1.725185 2.523745 -1.401329
2.915790 2.896181 -4.087939 11.735233
-0.055797 -4.424412 0.495289 -3.660942
-0.584695 3.877042 -1.490850 5.515151
-3.829330 -3.570083 2.615106 -7.134434
1.182181 -3.988773 -4.158932 3.416012
2.009691 -4.272370 3.218601 -0.351735
2.062422 -4.186512 -4.151623 2.045020
4.866396 -1.257292 -1.293579 7.037432
3.127996 4.472486 4.860011 2.809134
2.533782 -1.237404 -4.164993 7.231977
2.771469 0.584042 -0.757780 5.248052
4.063544 -3.888025 -0.073749 8.089131
-4.886464 -0.313394 -4.436967 -1.769067
-3.811821 -3.824738 1.492103 -6.979866
2.460449 0.833688 4.621725 -1.066369
-1.251294 -2.142879 3.685991 -5.382481
-2.764042 4.632225 -4.878455 3.180061
4.698788 -4.568401 3.911431 2.663476
0.277011 4.929648 -4.262034 9.992471
0.538543 4.693025 0.230978 2.558780
1.293986 1.957487 -0.454589 1.971690
1.275581 0.843143 4.011580 0.430719
-4.545536 -2.190368 4.504115 -9.348458
3.902638 -0.443432 1.201326 4.985724
-2.226188 -3.118788 -0.363016 -2.089324
-1.466478 0.836561 -4.222654 0.298438
4.743948 4.862107 1.981617 9.684718
0.360964 -1.904724 3.137950 1.489997
1.847312 -3.373831 4.109272 -3.352598
3.225372 4.497999 2.257195 3.893213
1.134152 -0.817570 4.327285 -1.164730
3.660639 -4.547813 -4.736330 6.844710
-1.235366 3.105533 4.872761 -1.263720
-3.495831 0.941307 -1.191091 2.948105
4.699144 3.421189 3.383287 4.349215
-0.313068 -0.851805 -2.265929 0.477178
-4.436245 3.647224 3.129010 -6.874480
4.997177 4.966368 0.554317 6.575047
2.689874 4.447657 3.496474 3.050270
-2.526519 -0.494559 -3.708406 4.782042
4.540510 1.061746 -2.713572 7.207018
1.717007 1.181282 -1.418373 4.889922
-3.864424 1.715732 0.203077 -2.201865
2.723184 0.201635 3.521815 3.383336
0.519068 0.609380 3.766536 3.864394
-0.965171 -3.659848 -4.712173 0.912906
2.551373 1.203096 2.040798 1.541403
-2.870358 -3.636285 -4.854553 2.283463
-1.494124 0.899177 -1.077560 2.181295
-0.625251 4.041587 -1.517445 7.302914
0.139895 2.836530 -1.034572 4.553674
1.220867 3.623637 4.495206 -0.282064
-3.529265 4.265876 -0.078837 0.848052
-2.417556 -0.408642 4.800326 -3.244731
-0.073819 -1.712484 1.334009 0.643697
-2.598544 -4.241367 -3.711203 0.264283
-3.719542 -3.480973 -3.611728 0.562704
1.408747 -3.181199 -1.543327 4.391401
3.967884 -0.260384 1.675577 6.261548
-3.276801 -3.077110 -4.591314 1.155115
-3.310649 -2.214097 -3.229895 -1.168018
-4.112975 -3.793641 -0.392212 -4.402598
-2.936663 -1.357301 0.034173 -0.229634
1.903948 -4.606879 2.994104 -3.428646
1.279004 -4.182410 3.735786 -2.063483
4.208724 -4.389220 -2.231224 4.012415
3.062013 2.482597 -3.154790 7.884633
-2.906507 -1.295279 -0.154770 0.126574
1.182548 -1.310864 -0.374653 2.209036
2.474709 -4.633168 -2.475631 3.231503
2.133496 3.952068 0.116774 2.296398
0.321135 -3.928280 -0.525876 1.270203
0.326173 -2.575295 -2.307568 3.175548
-1.227158 -4.799288 -1.779208 3.123074
-2.885520 -1.725026 -3.802379 -0.321687
3.905273 0.935925 1.791023 4.378717
2.891712 -0.015578 -4.130797 7.687328
0.371065 0.868411 2.454395 2.996662
-0.683405 -3.724197 -2.162241 -0.006301
-1.369177 1.459172 0.707783 0.352226
-1.439033 4.865152 1.057748 2.363138
-2.627732 -3.982175 -3.471409 -0.468475
-2.540423 -3.393186 -3.134330 -1.622419
-2.149048 -3.266264 3.967654 -5.568124
-4.197663 0.245114 -0.896032 -0.211017
4.823786 -3.879611 -1.021444 2.648105
4.694704 3.655071 3.170721 5.251603
-2.420972 -3.291124 1.686432 -5.815921
4.293760 0.567629 0.716127 7.394766
-2.200209 2.694929 -3.129563 -0.395468
-1.763208 -0.745636 0.076104 -2.314752
-2.575903 -3.851632 1.106200 -3.632255
-2.113694 0.812382 -3.456373 5.188643
-0.188599 0.325894 -4.481765 4.428259
-1.633957 -3.655853 -4.366250 -0.079283
4.899602 -1.776462 3.098744 6.294690
-2.453593 1.815027 2.602279 -5.523931
0.956387 -0.284238 -0.881591 -1.878071
-1.511317 4.295291 3.306194 -0.128598
4.650269 -3.757028 2.308675 0.920707
4.383405 -3.187669 -4.335037 5.215134
2.411206 0.744731 3.418288 2.465655
-3.602276 2.952673 -2.983727 1.748643
-3.363441 -3.357342 3.145747 -7.686867
1.651972 0.230654 -1.411695 1.336047
3.772005 -1.075549 3.165994 3.446350
-0.608651 -1.230556 -0.373202 1.375035
-1.986221 2.476094 0.027204 0.031711
-2.677873 3.995746 -1.161088 4.942144
0.435529 4.064721 1.242380 0.333816
-3.831020 4.398321 1.277081 -4.704574
-1.650944 -3.607279 2.940252 -6.190601
1.200728 0.334611 3.938926 -0.874280
2.885972 -3.483251 -1.882779 4.137249
-2.515109 2.439463 -4.664676 2.953891
0.698897 2.624587 3.767656 0.701176
-1.579183 3.212573 -3.893683 1.638971
3.464523 -3.725113 -1.027127 6.311197
2.972954 -3.500826 -2.707486 4.224227
2.222526 2.200365 1.411476 5.428119
1.939484 0.427244 -2.482009 5.824165
-1.543040 -3.184023 4.084506 -4.489150
0.833918 -0.991486 -0.379942 2.781663
4.472833 -3.466486 0.862298 3.945169
0.058887 1.114542 -4.818898 6.756722
3.721239 4.321183 0.651332 9.019070
1.966508 4.224994 2.072386 3.814138
-3.474610 0.762884 1.067150 -1.528881
-0.758693 2.364442 4.343670 -2.230880
4.255685 -0.491606 -3.867620 10.984212
4.848412 3.388981 -3.753373 9.192816
4.208419 3.698964 0.188381 10.509077
0.912754 -1.009973 -4.452384 4.889359
-1.648028 3.028534 -4.953680 1.967633
-1.665008 -1.018313 0.373956 -1.217121
4.198556 -1.536540 -1.530468 4.292557
2.375012 -0.477821 -2.753952 7.020551
-0.475605 -3.591430 -3.236130 0.012336
-0.016322 -0.810746 4.148459 -3.632829
-1.376061 0.805884 1.322643 -4.810315
-4.869055 1.635374 -3.219640 -1.380269
4.610703 -3.513373 -0.853759 -0.310735
-4.146503 4.968743 0.021950 -3.847498
0.953850 -4.329235 2.499605 -0.689622
-2.900944 3.980543 -2.948604 4.019811
-3.093123 -4.634503 -0.279331 -3.335995
0.648411 -4.342914 2.755276 -4.661219
-0.467112 0.243903 -0.592373 1.033315
-0.992369 0.596403 -3.447598 3.056705
-3.180719 3.617856 4.461155 -6.257444
-1.266907 -2.292553 1.439995 0.441617
-0.912658 -4.746136 -3.438474 2.219777
2.159722 1.589239 -4.729040 7.295646
-2.780278 -2.689252 1.718927 -4.446275
-4.802895 -3.958914 2.999161 -7.764915
-3.214553 1.527461 -2.618172 -3.439755
-4.005586 -2.568278 2.222669 -6.562215
3.556965 3.302199 -1.028165 5.666627
1.680851 -2.950157 -2.068523 0.857351
3.963358 -4.869981 -4.144915 5.282099
