-1.254599 0.137649
4.507143 3.122228
2.319939 7.051042
0.986585 3.017643
-3.439814 -5.664544
-3.440055 -1.241533
-4.419164 -3.682137
3.661761 5.487805
1.011150 0.183433
2.080726 2.351879
-4.794155 -1.633583
4.699099 6.302825
3.324426 1.125971
-2.876609 -1.855225
-3.181750 -2.368021
-3.165955 -2.712784
-1.957578 3.043150
0.247564 1.998112
-0.680550 -2.038986
-2.087709 1.249065
1.118529 6.094394
-3.605061 0.325084
-2.078554 -3.618441
-1.336382 -0.984118
-0.439300 3.199954
2.851760 1.751998
-3.003262 -0.394840
0.142344 2.657450
0.924146 -0.151510
-4.535496 -2.566028
1.075449 -4.665194
-3.294759 -3.552792
-4.349484 -2.810744
4.488855 1.915964
4.656320 7.803626
3.083973 0.483537
-1.953862 -1.365024
-4.023279 -1.796211
1.842330 5.282718
-0.598475 -2.326565
-3.779618 0.453818
-0.048231 0.983811
-4.656115 -4.501665
4.093204 5.035042
-2.412200 -0.435153
1.625223 1.034736
-1.882889 -0.291392
0.200680 0.381890
0.467103 1.582033
-3.151455 -0.070845
4.695846 7.740877
2.751328 0.615378
4.394989 8.606259
3.948274 0.096512
0.979000 1.440470
4.218742 5.382879
-4.115075 -1.565473
-3.040171 -2.555929
-4.547727 -2.872517
-1.746697 -1.313491
-1.113227 -1.024782
-2.286510 0.961457
3.287375 4.212436
-1.432467 -1.474494
-2.190655 1.134302
0.426961 1.939089
-3.590758 -0.103252
3.021970 4.555955
-4.254494 -3.891405
4.868869 3.579979
2.722448 4.563647
-3.012843 -0.069020
-4.944779 -2.799835
3.154614 3.632162
2.068573 5.127446
2.290072 1.557312
2.712703 4.155849
-4.259553 -2.641646
-1.415343 -0.511023
-3.841309 0.278159
3.631034 5.410419
1.232981 3.564085
-1.691020 2.325783
-4.364416 -2.274949
-1.890177 0.927372
-1.748167 -0.949140
2.296062 3.393340
1.375575 1.785151
3.872127 4.136809
-0.277851 1.979147
-3.804058 -3.527525
2.132448 6.805435
2.607850 0.969932
0.612772 -0.962671
2.709672 5.375572
-0.062044 2.536172
0.227328 2.421009
-0.724590 1.706003
-4.745809 -2.631308
-3.921086 -3.774534
-4.685708 -2.409529
1.364104 0.682396
-1.856440 1.539345
0.085707 0.771022
4.075665 2.446511
-2.507078 -1.548151
-0.896171 1.144773
2.555511 1.814740
-2.712018 -2.705575
-4.230201 -1.727578
-2.102485 -0.107956
-3.387787 -2.588605
4.296977 3.323626
3.081204 3.805815
1.334038 -0.882300
3.714606 1.008173
3.036721 1.871019
-3.134299 -1.808962
3.925590 4.605264
0.393422 4.249713
3.074402 5.051864
3.960913 3.690417
-1.819965 -0.421206
-3.899481 -3.968664
-2.720648 -1.104719
-0.728922 -0.131298
3.180148 4.062349
3.607306 2.087091
-4.930479 -1.708471
0.107473 4.147157
-0.825890 0.154803
-2.778922 -0.308557
-3.801346 -0.508735
-1.623848 -1.036566
4.429097 4.814299
-1.767971 -0.318473
0.187906 1.338161
2.030190 0.996925
-1.363704 0.012605
4.717821 5.581540
4.624473 7.416887
-2.482177 1.032087
-0.027515 5.285454
-1.991217 -2.048020
-2.151595 1.109429
-4.631131 -2.152975
1.095643 6.212295
0.026790 -0.596236
-4.485212 -4.088205
-2.213535 -1.881072
4.082659 -0.144971
-2.604381 -2.030840
-3.551051 -3.217064
-0.105472 1.220629
4.856505 5.374455
-2.579447 2.791962
1.721355 4.209078
2.616196 1.834502
-2.623625 -2.790784
2.282163 3.718283
-1.322169 -2.645315
1.323058 5.668442
1.335297 4.373706
0.357747 0.333536
-4.097102 -5.540067
3.353025 6.256044
-1.792199 -0.591151
-3.134815 1.093173
-4.592249 -5.678964
0.908929 0.492036
1.775644 2.359977
-4.834122 -2.579971
0.120931 0.191776
-2.735042 0.167068
1.451728 -0.031928
-3.256336 -1.759574
1.909377 2.691718
-1.132647 1.168066
4.367300 5.742378
-3.624791 -4.004125
-1.589336 -3.276124
-3.865265 0.617752
4.246936 4.892300
3.773394 2.370806
-2.420584 2.262660
1.599840 2.447228
3.172222 5.769483
0.552008 1.554563
0.296506 5.346840
-2.581477 2.548759
-4.068972 -2.590347
3.972158 5.961982
4.004181 5.333929
1.331015 4.748834
-1.609702 -2.153221
-1.507904 1.226096
2.259557 4.834112
3.971103 0.500559
3.870864 1.575340
2.798755 -0.951410
1.420316 1.540627
-4.158600 -0.725452
-3.383713 1.433092
3.985542 4.177201
1.064291 5.066092
-4.908029 -5.490305
-3.985285 -5.435581
1.635018 2.131518
-4.949384 -1.993401
-3.391919 -1.643248
0.487338 -2.764507
1.918952 2.280163
1.519613 -0.454033
-2.757307 0.243792
2.121792 3.345759
-2.627509 -2.876667
-1.746003 -1.354696
2.464914 0.754908
1.496329 2.011852
3.492234 5.564383
1.576129 0.226406
0.683086 2.527238
-4.063252 -3.148587
-1.322842 -1.591106
-2.347976 -0.998523
-2.560104 -3.016163
4.730106 3.487582
-1.069023 -2.208213
3.920466 7.909004
1.311386 2.067181
2.948113 1.841115
0.026371 1.448002
0.769039 1.359813
-0.074823 0.501195
-3.047570 -0.087820
2.224521 4.205651
-2.192276 -1.727132
-4.756840 -3.766835
1.454723 1.555486
-3.228893 -6.057801
4.404586 1.317103
4.539286 7.183606
4.148644 7.442905
-1.298413 -0.484866
-4.845434 -1.529416
4.283186 4.877721
-0.718159 6.611961
4.666548 6.785726
4.636200 4.267677
3.530095 1.771791
-2.055511 -3.775081
-1.149023 0.533670
3.511367 2.155937
-1.830780 -3.235900
-3.305073 -2.805001
0.568013 -0.731406
4.361548 7.689060
1.960298 4.253106
0.700612 1.516520
-4.028235 0.898430
1.150072 2.028792
4.900539 3.001841
-3.599160 1.310887
0.183297 2.217125
3.773731 1.793543
2.407686 2.449164
1.970157 0.746083
2.024841 -0.226720
-1.405088 1.784488
-2.064082 3.250131
3.093612 0.554010
3.101134 4.482800
3.670723 2.488464
4.132406 3.166377
0.113424 -0.098586
0.015163 -0.716458
2.982952 3.364087
1.499639 0.477826
2.019669 3.075862
2.957927 3.147548
3.900053 3.486145
-1.620048 -2.046364
-1.244170 -1.099112
-4.060181 -0.574955
0.782801 2.596763
-4.640577 -4.481949
-0.344020 0.937210
0.426446 2.826873
-2.134587 -3.961097
0.908333 2.777053
-4.694998 -3.893446
-4.626518 -1.374956
3.226006 1.925246
-1.398094 -3.672315
-3.729395 -5.089425
0.222433 1.265219
2.699936 3.571396
-2.841790 -2.968393
1.228905 3.211153
-4.146525 -5.474399
